inf
inf
inf
inf
inf
inf
inf
inf
inf
inf
inf
inf
inf
inf
inf
inf
inf
inf
inf
inf
inf
inf
inf
inf
inf
inf
inf
inf
inf
inf
inf
inf
inf
inf
inf
inf
inf
inf
inf
inf
inf
inf
inf
83.1018
80.8318
80.7834
80.7326
80.7254
80.0636
80.0622
79.9569
79.9569
79.9569
79.9569
79.9569
79.8928
79.8776
79.8765
79.8765
79.57
79.57
79.57
79.57
79.57
79.57
79.57
79.57
79.57
79.5625
79.5587
79.5587
79.5587
70.7107
70.7107
70.7107
70.7107
70.7107
70.7107
70.7107
70.7107
70.7107
70.7107
70.7107
70.7107
70.7107
70.7107
70.7107
70.7107
70.7107
70.7107
70.7107
70.7107
70.7107
70.7107
70.7107
70.7107
70.7107
70.7107
70.7107
70.7107
70.7107
70.7107
