0, -1, 0, 0
1, 0, -18.9688, -11.8335
2, 414, 19.7871, 47.1542
3, 597, -49.6901, 48.849
4, 529, 16.0586, -44.8199
5, -1, -38.9774, 7.32767
6, 893, -29.046, -0.605703
7, -1, 16.8871, 30.1673
8, 790, -28.5651, 22.5603
9, 498, -21.069, 26.753
10, 46, 49.8079, 9.74833
11, 0, -8.19583, -3.88118
12, 459, 12.0058, 29.5601
13, -1, -18.8714, 35.5516
14, 644, 19.4068, 32.3087
15, 482, -36.7683, -6.31968
16, 54, 29.2127, -5.73708
17, 590, 31.8468, -1.00026
18, 374, -8.58288, 32.1568
19, 634, -2.15123, -42.5243
20, 128, 37.3368, 8.87138
21, 700, 14.8034, -41.7091
22, 148, -41.7343, -18.3095
23, 438, 38.4581, -20.2994
24, 45, -45.7492, -32.6108
25, 118, -43.5464, -45.9413
26, 81, 27.1375, -1.74221
27, 0, 0.177478, -10.8567
28, 106, -22.1821, 31.306
29, 464, -25.3051, 47.2246
30, 0, 13.6147, -12.0734
31, 0, -9.09504, -7.17264
32, 819, 32.1896, -27.2482
33, 577, 41.8271, -26.3933
34, 15, -45.0914, -10.3241
35, 980, -18.9176, 42.2454
36, 713, 48.5473, 45.8858
37, 773, -49.4637, -43.1871
38, 464, -22.4237, 38.9944
39, 0, -13.4865, -18.1729
40, 482, -43.6165, -7.03288
41, -1, -14.1143, 33.521
42, 62, 41.2249, 36.0632
43, 531, -27.3356, -30.9572
44, 0, 17.3693, -2.64074
45, 826, -33.7326, -19.016
46, 572, 35.2859, 7.17236
47, 410, 23.8113, 17.4755
48, -1, 29.9242, 15.6384
49, 55, 41.0822, 34.8327
50, 45, -44.6857, -27.8354
51, 82, 27.0782, -46.1385
52, 631, -31.9496, 27.6144
53, 394, -39.3255, -4.37331
54, 0, 16.6088, -2.81203
55, 410, 27.4538, 22.9924
56, 761, 40.1551, -36.6605
57, 772, 6.51339, 31.38
58, 476, 49.4028, 29.1778
59, 501, -49.5772, 16.772
60, 39, -23.463, -33.3098
61, 66, 47.756, -38.1771
62, 254, 23.8625, 21.5673
63, 395, 29.2984, 3.78668
64, 847, -12.7943, 20.3806
65, 0, -11.3806, -7.48
66, 136, 42.5451, -34.3024
67, -1, -3.61847, -39.4045
68, 226, 43.312, 7.05599
69, 0, 6.22221, 9.92083
70, 148, -45.756, -16.324
71, 980, -17.0868, 44.3991
72, 358, -2.98447, 39.4266
73, 44, 25.7791, -3.5817
74, -1, 18.6043, 26.2018
75, 488, -36.8097, 45.1414
76, 761, 42.892, -39.0537
77, 501, -43.0357, 16.7545
78, 310, 32.5136, 36.2627
79, 863, -29.4589, -30.2807
80, 0, 6.64324, 9.16058
81, 0, 12.2393, -0.811632
82, 318, 24.8582, -41.3791
83, 0, 9.78389, 18.1702
84, 635, 15.6769, -33.9939
85, 498, -21.909, 19.9208
86, 0, -0.317899, 11.0042
87, 768, 14.3199, 46.6976
88, 0, 0.430783, -9.90108
89, -1, -6.88407, -30.9649
90, 571, -33.6993, 6.30625
91, 368, -35.8235, -40.8073
92, -1, 17.2526, -28.8592
93, 590, 25.9472, -0.233827
94, 154, -42.5965, 46.4883
95, 410, 19.4855, 14.0467
96, 0, 5.64888, -18.2752
97, 826, -36.7649, -19.493
98, 452, -9.65432, 23.019
99, 981, 48.6772, -43.9775
100, 438, 39.0251, -23.2318
101, 249, 25.9433, -11.2928
102, 293, 37.7724, -9.73678
103, 0, -14.5952, -11.7968
104, 379, 30.3621, 28.5207
105, 335, 7.23834, 46.6629
106, 498, -15.173, 21.4148
107, 757, -44.1445, -47.9205
108, 457, 42.5556, 31.8027
109, 678, 1.84572, 49.9591
110, 786, 28.291, -28.6688
111, 0, 14.0058, -16.0601
112, 373, 3.05605, 27.2408
113, 768, 14.4469, 43.4017
114, 0, 0.259785, 13.1242
115, 517, 49.4243, -10.7152
116, 550, 39.8924, 25.3676
117, 830, 27.992, 27.6648
118, 863, -34.3692, -36.6032
119, 886, -34.132, 45.993
120, 457, 41.9175, 23.1064
121, 438, 42.6558, -23.2555
122, 821, -5.47881, 48.5114
123, 1, -21.1759, -12.9232
124, 310, 30.3141, 30.6698
125, 261, -12.9642, 8.6051
126, 118, -47.999, -48.9584
127, 285, 42.545, 5.05705
128, 926, 28.2824, 6.99193
129, 0, -1.54122, -21.4578
130, 474, -29.8839, -2.11695
131, 635, 17.8271, -39.9915
132, 190, -26.7493, -4.18094
133, 274, 37.6733, -11.1185
134, 139, 9.21586, -46.4587
135, 11, -15.1255, 1.13339
136, 30, 26.6477, -22.4697
137, 422, 27.8779, -28.8311
138, 341, -23.9583, -43.298
139, 953, 8.24568, -43.6442
140, 897, 37.3718, 45.2815
141, 479, 14.9609, 39.3728
142, 711, 46.3231, 7.50586
143, 794, -5.57019, 24.6055
144, 9, -35.5022, 42.8886
145, 15, -46.8523, -15.3861
146, 0, -9.22836, 20.9748
147, 0, -5.37764, 14.0223
148, 826, -33.2061, -17.7043
149, 403, -47.0962, 26.0097
150, 0, -14.163, -12.2217
151, 661, -22.8569, -37.5153
152, 529, 15.3086, -44.979
153, 980, -16.3464, 41.3502
154, 376, -38.277, 41.8993
155, 733, 47.706, 49.0948
156, 578, 37.1808, 12.6669
157, 62, 38.4675, 33.5039
158, -1, -29.8273, -17.1027
159, 0, 8.10943, -15.3295
160, 261, -24.2141, 11.2572
161, 254, 19.2844, 16.5575
162, 201, -17.768, -36.0932
163, 190, -19.4202, -0.974165
164, 0, -3.79758, -16.5164
165, 9, -24.9644, 32.0394
166, 0, 21.2619, 2.17866
167, 337, 44.5241, -13.4295
168, 542, 7.19968, -21.8223
169, 261, -22.0793, 18.9227
170, 743, -29.9231, -24.3733
171, 700, 18.0174, -42.7423
172, 572, 38.2936, 6.48494
173, 515, 40.7616, -41.5336
174, 657, 39.3823, -1.12895
175, -1, -6.86312, -34.8318
176, 652, -39.8718, -37.5787
177, 750, 31.7257, -7.63979
178, 661, -23.672, -37.6944
179, 457, 41.386, 22.5305
180, -1, -4.21079, -33.5784
181, 975, 4.56986, -32.9489
182, 0, 18.6003, -0.906041
183, 975, 3.6216, -24.2001
184, 310, 27.2716, 31.5423
185, 124, 44.7226, 47.3486
186, -1, -42.8309, 12.7401
187, 284, -45.3937, 45.4627
188, 233, -30.775, 45.3679
189, 773, -46.071, -41.3927
190, 0, -5.76103, -2.93408
191, 474, -26.2246, 4.3672
192, 953, 9.4872, -44.4989
193, 833, 46.7274, 35.8152
194, 9, -32.1933, 38.1135
195, 0, 8.3457, 13.5959
196, 983, -45.465, -37.0844
197, 410, 30.647, 23.1353
198, 0, 12.0095, -15.7314
199, 177, 48.9353, -10.7188
200, 9, -34.1891, 43.6579
201, 918, -13.3703, -27.02
202, 0, 6.39793, -8.76396
203, 169, -31.5573, 25.6229
204, 918, -13.396, -27.6283
205, 62, 34.2302, 30.8429
206, 635, 19.4376, -41.9944
207, 322, -14.7899, -21.0752
208, 148, -36.4933, -18.0625
209, 826, -35.2599, -18.6866
210, 790, -29.949, 23.0857
211, 265, 44.9093, -25.414
212, 705, 36.0013, 25.5563
213, 984, 47.7213, -1.98918
214, 194, -40.175, 46.6566
215, 970, 37.292, -24.3641
216, 970, 40.3145, -26.0783
217, 0, -1.38412, -3.2876
218, 0, 15.1577, 17.0586
219, 617, -27.6647, -48.2383
220, 945, 39.4303, -43.4345
221, 551, 32.6046, 8.86787
222, 863, -35.4289, -32.1852
223, 438, 37.7927, -21.9221
224, 634, -0.247714, -47.4673
225, 0, 9.3913, 19.8033
226, 572, 25.6185, 4.30063
227, 551, 44.3893, 11.6198
228, 458, -20.143, 42.1107
229, 15, -40.3694, -10.3181
230, 437, 38.7673, 46.9226
231, -1, 15.3178, 29.0817
232, 601, -29.1557, -36.0663
233, 270, -24.2059, 36.002
234, 81, 30.9923, -1.87055
235, 457, 37.7638, 20.4225
236, 0, 4.69496, 20.3684
237, 765, -20.7096, 19.2661
238, 970, 38.1831, -32.9169
239, 293, 47.3439, -12.0646
240, 474, -30.3842, 6.73524
241, 611, -42.2613, 45.2343
242, 232, -38.9641, -47.872
243, 0, 6.85406, -9.10714
244, 400, 44.2387, 16.4847
245, 310, 30.5748, 33.0059
246, 0, 13.4073, -4.10736
247, 818, 12.0876, 34.2516
248, 706, 9.82637, 37.8817
249, 0, 20.2536, -9.18136
250, 261, -13.9888, 8.01736
251, 611, -38.7588, 40.7062
252, 991, -21.6143, -9.46844
253, 700, 9.97224, -33.4311
254, 0, 7.61463, 7.31618
255, 808, 4.50429, 27.2304
256, -1, -35.9486, 12.243
257, 111, 22.4647, -24.9127
258, 202, 14.371, -20.6812
259, -1, 15.9802, 8.60963
260, 26, 45.8035, -3.44503
261, 765, -8.38446, 9.21071
262, 220, 42.4476, -46.2968
263, -1, -6.53773, 2.27398
264, 970, 41.5849, -36.2841
265, 850, 43.0926, -22.4039
266, 533, 21.7332, -45.6662
267, 896, -31.6977, -49.881
268, 939, -5.13464, 28.2745
269, 60, -33.3122, -47.52
270, 498, -14.4093, 21.1921
271, 590, 29.7104, -0.3579
272, 11, -16.5649, 2.17515
273, 455, 24.7294, 47.8061
274, 246, 31.4939, -9.29043
275, 632, 6.4157, 27.2974
276, 842, 37.2645, 48.0312
277, -1, -13.4919, 29.7122
278, 685, -48.2656, 29.9704
279, 980, -18.0139, 43.3193
280, 438, 43.6862, -24.9212
281, 261, -29.0846, 15.4195
282, 190, -20.5874, -10.7823
283, -1, 15.5384, 24.2779
284, 556, -32.5078, 32.2262
285, 506, 26.7579, 3.08282
286, 0, 3.41836, 6.46835
287, 203, -47.2751, 36.8535
288, 685, -41.3565, 27.4543
289, 897, 34.6595, 40.1374
290, -1, -31.8361, -8.92478
291, 700, 17.4348, -44.5716
292, 596, -10.8935, -46.0571
293, 758, 35.1406, -9.15914
294, 786, 33.9132, -32.8733
295, 345, -15.8398, 27.5995
296, -1, -7.79451, 5.07556
297, 0, -6.98107, 21.6181
298, 761, 44.2932, -41.4427
299, -1, -4.10402, -38.2146
300, 136, 40.7836, -27.3461
301, 0, 14.8682, -5.79805
302, -1, 29.1223, 17.5931
303, 458, -18.9446, 37.7658
304, -1, -4.95255, -34.2851
305, -1, 27.9032, 13.2113
306, 0, 6.79015, -4.66201
307, 414, 18.6398, 45.8966
308, 0, -0.71912, 3.78037
309, 0, -13.2625, -16.8059
310, 254, 20.9071, 20.8976
311, 652, -39.2064, -36.8874
312, 474, -24.0268, 3.81253
313, 819, 34.7306, -29.7336
314, 202, 12.3699, -19.3734
315, 11, -17.9482, 3.15346
316, 463, 3.28053, 46.92
317, 850, 47.3554, -17.5972
318, 202, 14.5131, -21.5892
319, 623, -29.8315, -40.4395
320, 366, -5.87427, 48.0717
321, 533, 22.7719, -49.0841
322, 0, -6.59028, -8.58833
323, 990, 46.8125, 42.6906
324, 361, 45.192, -16.4501
325, 261, -24.1153, 16.0991
326, 15, -45.5524, -13.3217
327, -1, 29.2117, -19.5792
328, 400, 40.4909, 13.9424
329, 0, 0.687169, 2.86074
330, 197, 44.569, 32.739
331, 130, -43.9858, -2.15047
332, 635, 29.6589, -46.6304
333, 54, 30.2523, -5.82796
334, 596, -18.2196, -49.5791
335, 808, 3.73258, 25.9062
336, 850, 48.4926, -23.4955
337, 246, 26.822, -8.09768
338, -1, 17.9161, 23.6345
339, 765, -15.4071, 13.1082
340, -1, -42.8155, 10.4777
341, 848, -20.7927, -38.368
342, 981, 47.156, -41.581
343, 794, -7.94719, 37.6469
344, 455, 22.3614, 42.74
345, 0, -9.4924, 16.9304
346, 44, 25.4789, -3.4782
347, 163, -35.2201, 5.13786
348, 678, -0.108583, 45.0323
349, 861, 49.3099, 31.6718
350, 513, 45.4531, 3.04248
351, 255, 7.578, 43.9457
352, -1, 29.547, -15.6
353, 190, -14.1519, -2.53689
354, 281, -41.9654, 20.441
355, 222, -39.4287, -34.7809
356, 0, -19.0814, -10.2214
357, -1, -23.1489, -21.9254
358, 0, -1.80234, 18.9039
359, 863, -34.2785, -29.4409
360, -1, 11.6439, 6.22907
361, 891, 37.4895, -12.8772
362, 805, -47.2491, -47.7306
363, 513, 42.2607, 2.64229
364, 511, 47.3017, 41.5706
365, 980, -15.6859, 42.7548
366, 939, -5.38695, 41.8921
367, 970, 36.7005, -25.84
368, 531, -23.7078, -27.4514
369, 940, 21.6231, -15.6732
370, 457, 42.9896, 32.1944
371, 27, -0.454192, -26.0918
372, 631, -28.027, 26.3969
373, 0, 1.98284, 20.1707
374, 0, -4.69919, 17.7043
375, 945, 40.7298, -43.0553
376, 556, -26.0666, 28.2193
377, 947, -5.93251, -23.3157
378, -1, 30.4887, -13.6718
379, 830, 29.3265, 27.7903
380, 661, -22.1013, -36.3593
381, -1, 20.5452, 22.5118
382, 736, -44.4672, 7.2457
383, 850, 46.6718, -18.175
384, -1, 29.7943, 18.2949
385, 673, 16.1518, 22.7839
386, 973, 0.489297, -34.3024
387, 156, 46.6921, 22.4623
388, 17, 42.0945, -1.32504
389, 0, -7.36698, -12.6047
390, -1, -33.6207, -16.6372
391, 0, -5.66004, -9.68734
392, 284, -38.418, 38.4074
393, 560, 16.9969, 42.0707
394, 190, -25.2644, -3.67653
395, 0, 19.8611, 2.63431
396, 0, 9.96414, -9.59378
397, 261, -24.8539, 15.497
398, 265, 47.6519, -28.1822
399, 550, 47.322, 27.4462
400, 551, 40.1127, 13.4737
401, 0, 0.230118, -9.39797
402, 667, 29.1713, -3.07777
403, 325, -36.9356, 21.2657
404, 63, 45.5972, 5.69738
405, 773, -41.339, -38.0235
406, 513, 39.0602, 3.00098
407, 525, 2.28912, -49.3578
408, 872, -8.59158, -30.714
409, 156, 42.7129, 16.144
410, 0, 15.6095, 12.574
411, 743, -31.2217, -24.4264
412, 132, -47.0198, -6.07559
413, 712, 41.0706, -49.3679
414, 459, 15.7423, 38.3926
415, 572, 28.0783, 5.85499
416, 0, 1.86628, -21.6915
417, 850, 46.457, -18.9624
418, 318, 25.2307, -40.4786
419, 281, -47.6967, 20.8279
420, 700, 15.2188, -39.0357
421, 395, 32.8043, 4.27892
422, 0, 13.9653, -14.9065
423, 478, 4.92113, -44.6263
424, 0, 4.37949, -2.36596
425, 435, 21.5177, -30.011
426, 284, -39.792, 40.2961
427, -1, -4.43736, -36.8118
428, 0, -15.7795, -13.3668
429, 886, -36.1797, 49.9627
430, 464, -24.9742, 41.8987
431, 632, 5.81772, 26.8921
432, 163, -29.7929, 2.27474
433, 611, -42.0704, 45.4378
434, 529, 11.7961, -39.7671
435, 202, 16.2657, -22.9851
436, 353, -28.8028, -0.929977
437, 310, 31.2938, 35.1625
438, 301, 34.1635, -13.7851
439, 274, 40.5362, -11.457
440, -1, 33.849, 12.054
441, 57, 8.53195, 44.057
442, 525, 2.35001, -45.9054
443, 631, -42.7548, 36.5705
444, 908, -9.27218, -28.9345
445, 156, 36.5332, 15.7536
446, -1, -37.0358, -7.64908
447, 0, -7.35429, -16.8287
448, 93, 44.6257, 0.575341
449, 11, -21.3909, 6.42178
450, 706, 10.8083, 44.8748
451, 379, 33.4367, 32.0055
452, 0, -6.05515, 14.7305
453, 243, 17.168, -21.8917
454, 432, -49.0546, 7.70425
455, 225, 16.6513, 34.7944
456, 743, -30.2418, -24.8168
457, 410, 28.8513, 22.1082
458, 464, -20.7222, 36.0965
459, 0, 8.67869, 20.0056
460, 132, -42.8379, -4.7881
461, 845, -14.2407, -29.8737
462, 457, 37.5628, 28.405
463, 373, 3.2976, 32.1885
464, 270, -21.0197, 31.9067
465, 744, -11.3897, 39.7886
466, 422, 26.7816, -27.9531
467, 198, 21.7941, -29.2736
468, 337, 36.7774, -11.0379
469, 610, -1.16525, 37.7228
470, 970, 46.6664, -34.514
471, 635, 22.5171, -33.5754
472, -1, -9.33073, 1.36847
473, 457, 38.5328, 19.9471
474, 190, -12.535, -2.78853
475, 0, -10.0473, -5.3729
476, 550, 42.4234, 25.712
477, -1, 14.7534, 29.9862
478, 975, 4.11697, -31.949
479, 818, 12.1747, 33.0973
480, 294, 49.9577, -49.2151
481, -1, 22.8859, 26.7393
482, 190, -27.1681, -5.32004
483, 313, 47.4657, -40.3907
484, 667, 33.6421, -3.69953
485, 550, 47.332, 30.3084
486, 195, 11.7865, 19.8492
487, 173, 46.733, -47.5442
488, 9, -28.7824, 35.2658
489, 864, 22.4029, 8.68266
490, 845, -17.5228, -37.6444
491, 97, -46.6902, -25.0994
492, 156, 38.0676, 18.0631
493, 482, -45.1132, -7.81544
494, 156, 36.1141, 17.0615
495, 270, -24.7181, 36.0718
496, 479, 17.8464, 48.1677
497, 768, 12.8111, 40.6783
498, 0, -7.15232, 10.2768
499, 209, -49.7124, -23.5103
500, 977, -43.4227, 47.6196
501, 832, -43.2018, 18.3638
502, 529, 17.4688, -46.4688
503, 455, 20.8196, 38.6864
504, 54, 38.7969, -6.77754
505, 988, -2.63091, -28.7258
506, 0, 5.57806, 0.678835
507, 0, -3.82521, -6.35435
508, 163, -31.258, 1.06159
509, 712, 35.8302, -45.1439
510, 232, -31.8769, -38.8879
511, 62, 40.9279, 35.9695
512, 163, -40.7202, 3.73897
513, 506, 26.6478, 2.12746
514, 210, -35.9842, 26.9354
515, 422, 28.6172, -29.4069
516, 897, 24.555, 35.4154
517, 724, 38.9569, -7.97619
518, 578, 38.9465, 9.77648
519, 498, -19.2898, 27.7435
520, 835, -47.0011, 28.0793
521, 172, 49.0176, 8.577
522, 190, -21.2418, -4.80756
523, 130, -47.7774, -2.49988
524, 535, 46.254, 38.0529
525, 653, 2.35618, -35.6229
526, 992, 49.1649, -6.71596
527, 222, -49.6534, -41.5553
528, 476, 47.023, 26.9944
529, 953, 10.5722, -38.9612
530, 0, 3.92981, -10.8106
531, 322, -18.3681, -21.5152
532, 531, -25.3952, -29.4112
533, 435, 20.5086, -36.4487
534, 418, 30.3653, -48.7811
535, 683, 41.2948, 33.3642
536, 897, 29.2982, 40.3124
537, 596, -8.05879, -41.9436
538, 0, -14.4951, -5.83614
539, 0, 5.5565, -18.2411
540, 829, -17.7833, -42.0873
541, 0, -3.86402, -18.6183
542, 0, 1.19672, -3.51742
543, -1, -10.1736, -1.78026
544, 341, -26.523, -49.6015
545, 818, 9.25854, 27.4068
546, 962, -10.4121, 40.8904
547, 501, -44.1084, 14.1927
548, 685, -38.5208, 26.4003
549, 455, 27.744, 41.8445
550, 705, 27.6192, 19.0388
551, 926, 25.2087, 6.9174
552, 700, 9.3512, -32.8501
553, 768, 14.9738, 44.8561
554, -1, 11.3138, -29.4697
555, 464, -23.3851, 43.5305
556, 498, -21.557, 22.7509
557, 9, -25.0878, 29.6397
558, 832, -30.7665, 14.7385
559, 538, -22.1406, -7.28949
560, 459, 15.1371, 37.118
561, 896, -29.8827, -45.275
562, 30, 28.0084, -23.991
563, 225, 18.9177, 39.4876
564, 717, -47.5907, -3.33831
565, 379, 31.3321, 30.0284
566, 571, -34.2995, 6.54084
567, 765, -13.0542, 25.0517
568, 533, 23.6908, -48.0804
569, 690, 19.9077, -14.9955
570, 464, -27.5501, 46.5227
571, 474, -21.4649, 0.892879
572, 0, 19.2736, 3.44721
573, 458, -19.4674, 38.5071
574, 474, -31.8143, 8.39199
575, -1, -18.7824, 33.3228
576, -1, -4.49004, 1.33492
577, 136, 38.0478, -26.4816
578, 926, 27.3439, 6.96551
579, 169, -36.994, 29.7531
580, 284, -46.3728, 44.3381
581, -1, 9.78157, -30.6723
582, 678, 0.878963, 46.7274
583, 438, 44.3793, -25.4303
584, 221, 48.647, 14.287
585, -1, 9.57427, -28.9031
586, 818, 10.8097, 38.1093
587, 30, 21.9898, -19.9167
588, 789, -8.44347, -47.4776
589, 474, -31.4096, 9.74227
590, 0, 10.9144, -0.192007
591, 982, -6.93491, -43.5757
592, 148, -48.8571, -18.8871
593, 498, -20.0573, 28.4868
594, 54, 38.0784, -7.0513
595, 57, 8.23993, 41.7056
596, 447, -12.7132, -31.9785
597, 284, -38.9667, 38.1658
598, 952, -35.2511, -44.5874
599, 863, -37.2645, -36.6041
600, -1, 19.6996, 22.3098
601, 309, -15.5071, -19.4907
602, 953, 10.4191, -43.5173
603, 910, 10.5926, -48.0244
604, 210, -40.9949, 29.183
605, 195, 11.7179, 19.9195
606, 490, -21.009, -45.217
607, -1, 26.3438, -19.8661
608, 444, -14.1041, -43.7135
609, 45, -41.3793, -26.0257
610, 0, -0.764787, 16.8606
611, 556, -34.3201, 36.522
612, 562, 34.8821, -23.2868
613, 455, 24.6878, 49.631
614, -1, -17.8743, 37.4233
615, 952, -36.973, -48.1746
616, 0, 9.73311, -2.48014
617, 389, -17.6653, -29.8478
618, 373, 4.00256, 42.9273
619, 261, -27.8722, 13.0076
620, 644, 22.1103, 33.8457
621, 444, -17.0729, -48.8987
622, 945, 38.6287, -40.7291
623, 39, -18.7648, -25.4754
624, -1, -34.4426, -10.1441
625, 0, -1.50108, 14.7926
626, 501, -43.2834, 14.1788
627, 678, 1.31468, 41.5987
628, 438, 40.892, -23.9975
629, 577, 41.2297, -26.9823
630, 952, -36.5742, -45.7433
631, 498, -25.1569, 23.159
632, 0, 1.77656, 7.17778
633, 137, 43.3112, -44.2209
634, 894, 0.105087, -34.561
635, 202, 18.7868, -27.7846
636, 294, 49.2847, -48.2861
637, 846, -26.6833, 37.9135
638, 163, -39.0152, 4.55192
639, 45, -37.5619, -23.4578
640, 966, 44.4078, 10.937
641, 712, 41.3349, -48.8756
642, 190, -24.8842, -7.35044
643, 986, 42.7231, -33.9922
644, 12, 18.6521, 33.9528
645, 297, -10.9744, 32.0779
646, 156, 38.2095, 13.8687
647, 0, 5.23688, -10.0139
648, 353, -28.9536, -1.45195
649, 0, -4.23482, 21.1515
650, 700, 13.9871, -35.4481
651, 551, 43.3669, 13.2718
652, 863, -33.7342, -33.3164
653, 0, 1.18528, -22.7494
654, 705, 21.2355, 13.6234
655, 0, 3.79285, 15.6434
656, 190, -25.4396, -4.87228
657, 0, 16.7678, -0.323752
658, 578, 37.7773, 9.49083
659, -1, 15.6841, 6.42936
660, 754, -6.55637, -45.2904
661, 0, -11.4927, -18.3469
662, 12, 18.5783, 43.7442
663, 455, 21.6392, 39.6247
664, -1, -7.7078, -32.5956
665, 953, 10.7762, -43.7207
666, 11, -18.0437, 4.14317
667, 0, 19.5511, -1.77785
668, 435, 20.8268, -29.2637
669, 246, 25.4728, -7.93768
670, 612, 34.3597, -20.7344
671, 79, -42.2943, -41.0799
672, 310, 24.3933, 24.4735
673, 0, 8.59637, 12.1706
674, 661, -16.0357, -25.7195
675, 631, -31.4, 27.4079
676, 261, -21.0099, 7.10725
677, 194, -40.9389, 47.5684
678, 114, 0.851401, 30.7003
679, 437, 37.1931, 43.1436
680, 984, 48.1046, -2.03065
681, 438, 49.4229, -19.939
682, 832, -47.8875, 18.9739
683, 410, 28.2831, 22.9393
684, 166, 39.7103, 3.75587
685, 339, -34.9984, 24.07
686, 136, 33.0215, -27.2927
687, 572, 32.9901, 7.41481
688, 504, 47.1808, -8.41352
689, 148, -30.4146, -18.8549
690, 0, 15.8669, -11.8146
691, 611, -41.447, 44.857
692, 986, 45.2926, -32.386
693, 402, 42.4254, -3.85595
694, 116, 48.3143, 29.6185
695, 143, -10.7123, 46.4189
696, 190, -22.4122, -11.2895
697, -1, -23.5201, -20.2996
698, 757, -42.3156, -45.237
699, 284, -47.3603, 47.3947
700, 183, 8.51889, -32.3587
701, 301, 21.4647, -8.45963
702, -1, -9.65138, 4.45477
703, 293, 48.9552, -12.4706
704, 136, 46.0412, -31.4594
705, 0, 18.6745, 11.9082
706, 632, 6.72601, 27.2275
707, 0, 6.76519, 2.01866
708, 271, 44.8415, -0.80942
709, 205, 48.1627, 43.1558
710, 190, -21.1909, -12.5496
711, 572, 39.5748, 6.39692
712, 453, 26.1609, -33.9453
713, 379, 36.0973, 33.8453
714, 106, -29.1823, 38.7369
715, 379, 31.24, 29.3366
716, 508, -43.6218, 2.70466
717, 474, -29.1231, -3.27313
718, 45, -42.8406, -30.1679
719, 467, 34.2563, -46.7993
720, -1, -11.6273, 2.93073
721, 768, 15.1089, 45.0987
722, 207, -19.8418, -28.126
723, 988, -2.88261, -25.0003
724, 0, 21.0646, -4.7199
725, 464, -31.8445, 49.8737
726, 712, 32.7305, -42.2697
727, 0, 6.27061, 8.89132
728, 190, -26.2151, -7.63212
729, 0, -7.26338, -5.39741
730, 39, -18.8952, -26.0234
731, 11, -26.0608, -12.5169
732, 54, 26.6813, -5.18391
733, 117, 34.2099, 33.8407
734, 816, 14.6482, 18.4662
735, 712, 37.0414, -46.9791
736, 163, -28.6031, 2.15022
737, 825, 48.1197, 1.55513
738, 54, 24.0243, -4.76294
739, 54, 26.5548, -4.91112
740, 245, 40.5172, 44.7103
741, 794, -5.03743, 23.2476
742, 118, -47.5594, -48.7668
743, 322, -17.8611, -23.7745
744, 374, -6.39894, 24.8755
745, -1, 20.8281, 24.7059
746, 770, 48.8522, 44.7672
747, 685, -37.811, 25.5334
748, 800, -10.4167, 46.3989
749, 953, 9.37411, -45.7685
750, 0, 14.8651, -3.58452
751, 631, -42.7475, 36.262
752, 761, 48.5657, -44.6279
753, 765, -12.1828, 22.59
754, 973, 0.609207, -35.628
755, -1, -32.3212, -8.87364
756, -1, -40.9177, 12.6414
757, 863, -35.626, -38.4771
758, 0, 13.8746, -3.4871
759, 596, -12.2516, -42.5244
760, 722, -28.6116, -41.4235
761, 587, 32.1815, -29.7594
762, 284, -46.6562, 44.3705
763, 73, 45.774, -7.07289
764, 395, 40.7694, 5.14813
765, 0, -2.84135, 5.63449
766, 774, -48.4364, 4.41113
767, 19, -8.10346, -49.8707
768, 818, 9.78328, 29.7137
769, 435, 22.7193, -39.6075
770, 804, 44.0857, 40.3981
771, 754, 1.51885, -46.8319
772, 0, 3.03948, 15.8928
773, 863, -35.309, -33.0859
774, 163, -37.5943, 2.43943
775, -1, -25.6103, -16.2058
776, 881, 11.0159, -43.4288
777, 0, 4.03477, 14.3597
778, 648, -49.0583, -0.191205
779, 284, -42.7132, 41.7111
780, 512, -45.0431, 4.44548
781, 634, -2.65445, -43.4795
782, 284, -41.1434, 39.2421
783, 281, -43.3502, 18.6399
784, -1, 18.9558, 29.3691
785, -1, 29.0324, 13.0415
786, 396, 19.7672, -19.4488
787, -1, 16.2096, -27.1933
788, 550, 46.444, 30.9006
789, 596, -10.2793, -41.1502
790, 765, -16.66, 14.1104
791, 828, -7.35607, 44.356
792, 12, 20.6816, 46.6787
793, 329, 8.7157, 21.6233
794, 0, -3.5125, 16.0025
795, 0, 13.3343, 1.44443
796, 743, -29.552, -39.3201
797, 0, 7.96497, -20.6954
798, 221, 49.922, 14.6148
799, 400, 47.9445, 18.8778
800, 794, -6.01607, 26.9769
801, 201, -18.0807, -36.2489
802, 194, -42.4719, 48.129
803, 608, -13.4422, -46.0278
804, 62, 29.0296, 26.2785
805, 79, -37.1781, -37.6304
806, -1, -9.61107, 5.46587
807, 773, -43.2744, -38.9295
808, 0, 2.14457, 15.4413
809, 455, 32.6938, 48.6321
810, 190, -18.5562, -3.97185
811, 0, 0.076497, 1.89181
812, 183, 6.70804, -41.9585
813, 926, 31.1964, 6.63003
814, -1, 22.6563, 29.141
815, 39, -24.4922, -33.3598
816, 0, 6.11785, 7.42719
817, 261, -19.6087, 13.646
818, 0, 5.55614, 16.9491
819, 30, 17.6182, -15.4143
820, 794, -6.77235, 30.4401
821, 358, -3.04471, 33.6166
822, 474, -14.094, 3.68086
823, 55, 44.6871, 38.0505
824, 631, -30.8779, 27.3809
825, 657, 36.6826, 0.565917
826, 696, -26.5909, -13.2409
827, 685, -47.5423, 30.1171
828, 974, -5.19944, 33.6542
829, 447, -13.2529, -32.5432
830, 0, 12.7951, 12.255
831, 201, -15.9029, -31.087
832, 261, -30.3178, 14.4884
833, 410, 32.5589, 25.2383
834, 474, -18.5625, 0.177094
835, 325, -40.176, 24.6652
836, 261, -19.3828, 6.7793
837, 0, 8.28175, 16.5231
838, 163, -39.5398, 2.96886
839, 0, 4.57366, -20.4177
840, 0, -19.6502, -8.74374
841, 395, 30.1482, 3.75884
842, 310, 28.0154, 32.6059
843, 391, -16.1241, -27.1841
844, 816, 16.2601, 20.6231
845, 217, -9.72724, -20.9448
846, 498, -17.1219, 24.3698
847, 0, -2.03186, 2.56023
848, 0, -11.1418, -19.4729
849, 237, -22.2015, 20.2957
850, 301, 30.7042, -12.3775
851, -1, -5.0391, -38.6786
852, 622, 44.4018, -46.7574
853, 418, 27.8445, -45.138
854, 0, 6.21151, -17.5818
855, -1, -15.5557, 36.5613
856, 635, 23.6744, -35.4076
857, -1, -9.67988, 1.68978
858, 116, 47.1984, 24.1961
859, 705, 24.5057, 13.4584
860, -1, -5.18085, -35.2215
861, 550, 42.5136, 27.6972
862, 177, 39.1483, -9.51825
863, 322, -19.7426, -21.9935
864, 0, 21.0088, 8.05597
865, 906, 48.3022, 1.71302
866, 73, 45.6785, -6.73688
867, 768, 13.0344, 40.0803
868, 0, -3.49423, -9.12112
869, 622, 44.9423, -47.2827
870, 30, 23.297, -20.6134
871, 667, 39.2786, -3.02853
872, 0, -6.02097, -20.4013
873, 504, 48.6612, -8.82262
874, 397, -46.2052, 23.167
875, 130, -45.3642, -1.38609
876, 842, 37.9454, 47.1494
877, 556, -23.6889, 27.0937
878, 261, -12.3688, 6.56856
879, 652, -44.8998, -41.36
880, 796, -35.3755, -46.5976
881, 839, 10.353, -39.697
882, 988, -3.33447, -26.6126
883, 888, -49.6166, 43.1713
884, 768, 14.2663, 45.3257
885, 293, 45.8886, -12.4367
886, 106, -25.2877, 35.1671
887, -1, 34.5348, 18.6913
888, 556, -35.2342, 33.196
889, 863, -40.1313, -31.4394
890, 922, 6.36299, -35.4955
891, 0, 17.1745, -5.69159
892, 977, -38.3461, 43.4856
893, 190, -28.5979, -0.714905
894, 27, 0.0541891, -23.4977
895, 0, 7.92511, 14.6787
896, 661, -20.0953, -31.7219
897, 310, 24.9818, 26.5703
898, 297, -8.33446, 25.3651
899, 635, 19.7416, -44.0682
900, 410, 20.6908, 15.6301
901, 828, -6.50485, 45.4031
902, 0, 0.797289, -21.9701
903, 0, 14.0944, 15.5631
904, 325, -38.774, 23.9631
905, -1, 34.1237, 17.589
906, 657, 38.4676, 1.29822
907, 796, -38.1026, -49.8785
908, 0, -5.21615, -16.7005
909, 469, -0.593384, 44.838
910, 839, 9.80181, -42.6683
911, 275, 9.51676, 39.7065
912, -1, -24.3901, -15.5015
913, 254, 16.2768, 17.2754
914, 208, -40.1364, -13.9816
915, 672, 23.2072, 30.5545
916, 45, -48.3515, -33.2976
917, 506, 25.9576, 2.44578
918, 0, -5.26768, -9.948
919, 474, -31.9911, 5.95831
920, 796, -35.9849, -47.8674
921, 341, -26.4527, -47.5173
922, 0, 3.43085, -14.5553
923, 611, -47.3958, 48.2147
924, 0, 18.7442, 2.01083
925, 850, 43.0527, -21.454
926, 0, 9.34255, 2.56949
927, 556, -31.7475, 34.9524
928, 379, 37.068, 34.5293
929, 678, 2.22781, 46.9317
930, 743, -29.4524, -24.565
931, 786, 27.4861, -27.8039
932, -1, -7.86259, 3.44372
933, 12, 24.6419, 36.8697
934, 117, 43.4957, 42.6508
935, 982, -7.17196, -42.4892
936, 400, 44.7835, 16.3753
937, 130, -40.0065, -1.7857
938, 983, -48.18, -37.4023
939, 0, -3.57101, 20.5642
940, 0, 14.6086, -10.5183
941, 850, 49.1102, -26.0489
942, 986, 42.0512, -32.6373
943, 210, -41.0965, 29.1192
944, 638, -48.108, 11.1313
945, 422, 26.0509, -27.5604
946, 166, 36.5664, 3.537
947, 0, -5.36426, -21.2962
948, 45, -43.0193, -30.7223
949, 60, -34.4265, -49.5236
950, -1, -38.0715, 8.40156
951, 118, -42.0127, -43.2881
952, 309, -25.2231, -32.0192
953, 975, 4.92623, -23.4031
954, 829, -19.4215, -48.6448
955, 451, 47.1611, 45.1871
956, 268, -9.16306, 46.2712
957, 148, -30.8618, -17.1119
958, 45, -36.3661, -21.9583
959, 863, -37.9926, -34.4742
960, 117, 39.1731, 38.0582
961, 765, -12.0346, 25.7394
962, 374, -8.40476, 32.6012
963, 130, -45.5568, -1.42404
964, 45, -48.1212, -29.9833
965, -1, -0.947591, -36.1927
966, 926, 28.4183, 7.03967
967, 178, -29.4808, -46.8048
968, 310, 25.0204, 25.4455
969, 490, -20.2079, -44.401
970, 30, 26.8007, -23.0469
971, 45, -49.214, -32.3624
972, 531, -26.7756, -30.0758
973, 0, 0.525762, -13.1418
974, 0, -2.03407, 12.5331
975, 0, 2.38407, -12.861
976, 678, 0.591364, 40.3495
977, 9, -37.1216, 42.1866
978, 435, 22.9507, -32.6784
979, 147, -9.23743, 24.8295
980, 297, -12.6617, 39.815
981, 870, 38.6368, -34.2434
982, 754, -3.14535, -40.844
983, 863, -31.0482, -28.1249
984, 182, 34.6015, -1.25615
985, 261, -22.526, 11.4021
986, 30, 25.697, -21.7399
987, 455, 29.0397, 48.9214
988, 0, -1.81572, -20.4345
989, 898, -14.2204, 46.1502
990, 804, 42.0986, 38.1637
991, 0, -16.7108, -7.31
992, 44, 28.5132, -3.83242
993, 11, -15.1234, 1.46383
994, 286, 13.4892, 25.6392
995, 461, -23.7067, -49.1725
996, 552, 15.4542, -35.0699
997, 531, -33.4159, -37.6912
998, -1, -25.9139, -14.4641
999, 596, -15.8161, -41.3124
1000, -1, 34.2797, 11.6579
1001, 733, 50, 50
